       5160.04980469      8.70964646e-01
       5160.10009766      9.48418915e-01
       5160.14990234      9.74990368e-01
       5160.20019531      9.86280441e-01
       5160.25000000      9.63829458e-01
       5160.30029297      9.37562227e-01
       5160.35009766      9.74990368e-01
       5160.40039062      9.31107581e-01
       5160.44970703      4.53942180e-01
       5160.50000000      2.89734274e-01
       5160.54980469      6.25173330e-01
       5160.60009766      8.60994518e-01
       5160.64990234      9.14114177e-01
       5160.70019531      9.63829458e-01
       5160.75000000      9.77238834e-01
       5160.80029297      9.97701287e-01
       5160.85009766      9.70511019e-01
       5160.89990234      9.18333173e-01
       5160.94970703      9.81749177e-01
       5161.00000000      9.63829458e-01
       5161.04980469      9.46236789e-01
       5161.10009766      9.84011114e-01
       5161.14990234      9.95405734e-01
       5161.20019531      9.88552868e-01
       5161.25000000      9.44061697e-01
       5161.29980469      9.12010968e-01
       5161.34960938      8.47228289e-01
       5161.39990234      6.74528718e-01
       5161.44970703      9.41889465e-01
       5161.50000000      9.26829875e-01
       5161.54980469      9.84011114e-01
       5161.60009766      9.93117571e-01
       5161.65039062      9.39724386e-01
       5161.70019531      9.03650165e-01
       5161.74951172      9.26829875e-01
       5161.79980469      9.37562227e-01
       5161.85009766      9.68277991e-01
       5161.89990234      9.97701287e-01
       5161.95019531      9.97701287e-01
       5162.00000000      9.66052175e-01
       5162.05029297      9.70511019e-01
       5162.10009766      9.95405734e-01
       5162.15039062      1.00000000e+00
       5162.19970703      9.95405734e-01
       5162.25000000      9.59401369e-01
       5162.29980469      9.50606227e-01
       5162.35009766      9.86280441e-01
       5162.39990234      9.88552868e-01
       5162.45019531      9.22571719e-01
       5162.50000000      9.33254898e-01
       5162.55029297      9.86280441e-01
       5162.60009766      8.74984503e-01
       5162.64990234      8.43335867e-01
       5162.69970703      9.31107581e-01
       5162.75000000      9.31107581e-01
       5162.79980469      9.28967237e-01
       5162.85009766      8.24138761e-01
       5162.89990234      9.70511019e-01
       5162.95019531      9.95405734e-01
       5163.00000000      9.95405734e-01
       5163.05029297      9.79490340e-01
       5163.09960938      9.35407162e-01
       5163.14990234      8.93305898e-01
       5163.19970703      8.57038975e-01
       5163.25000000      9.46236789e-01
       5163.29980469      8.91252458e-01
       5163.35009766      8.47228289e-01
       5163.40039062      9.07820940e-01
       5163.45019531      9.28967237e-01
       5163.49951172      9.24699426e-01
       5163.54980469      8.66963208e-01
       5163.59960938      7.55092680e-01
       5163.64990234      3.29610139e-01
       5163.70019531      1.86208904e-01
       5163.75000000      2.38781273e-01
       5163.80029297      6.13762140e-01
       5163.85009766      7.81628847e-01
       5163.90039062      8.66963208e-01
       5163.94970703      8.91252458e-01
       5164.00000000      9.14114177e-01
       5164.04980469      9.20451045e-01
       5164.10009766      9.28967237e-01
       5164.14990234      9.72747028e-01
       5164.20019531      9.81749177e-01
       5164.25000000      9.70511019e-01
       5164.30029297      9.33254898e-01
       5164.35009766      8.64968359e-01
       5164.39990234      8.95366013e-01
       5164.44970703      8.51138592e-01
       5164.50000000      9.33254898e-01
       5164.54980469      9.63829458e-01
       5164.60009766      9.77238834e-01
       5164.64990234      9.79490340e-01
       5164.70019531      9.86280441e-01
       5164.75000000      9.79490340e-01
       5164.80029297      9.57193911e-01
       5164.84960938      9.20451045e-01
       5164.89990234      9.20451045e-01
       5164.94970703      9.39724386e-01
       5165.00000000      9.35407162e-01
       5165.04980469      9.22571719e-01
       5165.10009766      9.81749177e-01
       5165.15039062      9.74990368e-01
       5165.20019531      9.41889465e-01
       5165.24951172      9.39724386e-01
       5165.29980469      9.41889465e-01
       5165.34960938      9.35407162e-01
       5165.39990234      7.14496493e-01
       5165.45019531      7.48170495e-01
       5165.50000000      8.95366013e-01
       5165.55029297      8.72971296e-01
       5165.60009766      9.37562227e-01
       5165.65039062      9.31107581e-01
       5165.69970703      9.24699426e-01
       5165.75000000      9.35407162e-01
       5165.79980469      8.77000511e-01
       5165.85009766      8.91252458e-01
       5165.89990234      8.62978220e-01
       5165.95019531      5.08159816e-01
       5166.00000000      3.58096361e-01
       5166.05029297      7.94329286e-01
       5166.10009766      8.91252458e-01
       5166.14990234      8.93305898e-01
       5166.19970703      8.95366013e-01
       5166.25000000      9.12010968e-01
       5166.29980469      8.66963208e-01
       5166.35009766      6.95024371e-01
       5166.39990234      8.62978220e-01
       5166.45019531      8.47228289e-01
       5166.50000000      8.55066955e-01
       5166.55029297      7.56834090e-01
       5166.59960938      7.97995448e-01
       5166.64990234      8.87155890e-01
       5166.69970703      8.66963208e-01
       5166.75000000      8.29851925e-01
       5166.79980469      3.33426923e-01
       5166.85009766      2.16271862e-01
       5166.90039062      3.31131458e-01
       5166.95019531      8.31763864e-01
       5167.00048828      9.14114177e-01
       5167.04980469      9.37562227e-01
       5167.09960938      9.48418915e-01
       5167.14990234      9.44061697e-01
       5167.20019531      9.24699426e-01
       5167.25000000      9.39724386e-01
       5167.30029297      9.54993606e-01
       5167.35009766      9.50606227e-01
       5167.40039062      9.39724386e-01
       5167.44970703      9.18333173e-01
       5167.50000000      8.99498582e-01
       5167.54980469      9.16220248e-01
       5167.60009766      8.99498582e-01
       5167.64990234      5.90200961e-01
       5167.70019531      1.82389840e-01
       5167.75000000      2.03235954e-01
       5167.80029297      8.22242498e-01
       5167.85009766      8.93305898e-01
       5167.89990234      8.89201880e-01
       5167.94970703      8.74984503e-01
       5168.00000000      8.68960738e-01
       5168.04980469      8.62978220e-01
       5168.10009766      8.45278859e-01
       5168.14990234      8.26037526e-01
       5168.20019531      7.96159446e-01
       5168.25000000      7.70903587e-01
       5168.30029297      7.44733155e-01
       5168.34960938      6.87068284e-01
       5168.39990234      6.05341613e-01
       5168.44970703      5.86138964e-01
       5168.50000000      5.38269699e-01
       5168.54980469      4.69894022e-01
       5168.60009766      4.07380849e-01
       5168.65039062      3.19889575e-01
       5168.70019531      1.43549114e-01
       5168.75048828      8.45278874e-02
       5168.79980469      1.08143494e-01
       5168.84960938      1.96788922e-01
       5168.89990234      6.15177564e-02
       5168.95019531      5.72796501e-02
       5169.00000000      1.82389840e-01
       5169.05029297      3.84591818e-01
       5169.10009766      4.65586334e-01
       5169.15039062      5.08159816e-01
       5169.19970703      5.88844299e-01
       5169.25000000      6.66807234e-01
       5169.29980469      7.03072548e-01
       5169.35009766      7.22770095e-01
       5169.39990234      7.60327220e-01
       5169.45019531      8.07236075e-01
       5169.50000000      8.29851925e-01
       5169.55029297      8.47228289e-01
       5169.60009766      8.60994518e-01
       5169.64990234      8.70964646e-01
       5169.69970703      8.62978220e-01
       5169.75000000      8.62978220e-01
       5169.79980469      8.87155890e-01
       5169.85009766      8.95366013e-01
       5169.89990234      9.03650165e-01
       5169.95019531      8.93305898e-01
       5170.00000000      8.79023075e-01
       5170.05029297      7.07946420e-01
       5170.09960938      4.57088023e-01
       5170.14990234      7.79830515e-01
       5170.19970703      8.57038975e-01
       5170.25000000      7.81628847e-01
       5170.29980469      1.90107957e-01
       5170.35009766      1.40281469e-01
       5170.39990234      3.14774930e-01
       5170.45019531      1.56314850e-01
       5170.50048828      1.61064833e-01
       5170.54980469      4.07380849e-01
       5170.59960938      7.19449580e-01
       5170.64990234      8.03527355e-01
       5170.70019531      7.65596271e-01
       5170.75000000      7.90679932e-01
       5170.80029297      8.83080065e-01
       5170.85009766      9.18333173e-01
       5170.90039062      9.09914553e-01
       5170.95019531      9.26829875e-01
       5171.00000000      9.35407162e-01
       5171.04980469      9.37562227e-01
       5171.10009766      9.20451045e-01
       5171.14990234      8.22242498e-01
       5171.20019531      8.87155890e-01
       5171.25000000      8.97428870e-01
       5171.30029297      9.16220248e-01
       5171.35009766      9.35407162e-01
       5171.39990234      9.46236789e-01
       5171.44970703      9.39724386e-01
       5171.50000000      9.22571719e-01
       5171.54980469      9.28967237e-01
       5171.60009766      9.31107581e-01
       5171.64990234      9.44061697e-01
       5171.70019531      9.44061697e-01
       5171.75000000      9.35407162e-01
       5171.80029297      9.37562227e-01
       5171.84960938      9.31107581e-01
       5171.89990234      9.24699426e-01
       5171.94970703      8.60994518e-01
       5172.00000000      8.91252458e-01
       5172.04980469      9.28967237e-01
       5172.10009766      9.22571719e-01
       5172.14990234      9.22571719e-01
       5172.20019531      9.14114177e-01
       5172.25048828      8.99498582e-01
       5172.29980469      9.07820940e-01
       5172.34960938      9.03650165e-01
       5172.39990234      8.97428870e-01
       5172.44970703      8.77000511e-01
       5172.50000000      8.81050169e-01
       5172.55029297      8.74984503e-01
       5172.60009766      8.64968359e-01
       5172.65039062      8.49180281e-01
       5172.70019531      8.07236075e-01
       5172.75000000      6.56145811e-01
       5172.79980469      7.21108794e-01
       5172.85009766      6.69884920e-01
       5172.89990234      5.71478605e-01
       5172.95019531      3.42767626e-01
       5173.00000000      9.88552794e-02
       5173.05029297      7.36208037e-02
       5173.10009766      1.88799143e-01
       5173.14990234      4.66660023e-01
       5173.19970703      6.28058851e-01
       5173.25000000      6.71429753e-01
       5173.29980469      6.83911741e-01
       5173.35009766      6.80769622e-01
       5173.39990234      6.68345094e-01
       5173.45019531      6.48634851e-01
       5173.50000000      6.10942364e-01
       5173.55029297      5.67545474e-01
       5173.59960938      5.53350151e-01
       5173.64990234      5.18800199e-01
       5173.69970703      4.96592462e-01
       5173.75000000      4.61318105e-01
       5173.79980469      4.27563369e-01
       5173.85009766      3.94457906e-01
       5173.89990234      3.62242997e-01
       5173.95019531      3.30369592e-01
       5174.00048828      2.90402472e-01
       5174.04980469      1.39958695e-01
       5174.09960938      6.48634806e-02
       5174.14990234      6.47142455e-02
       5174.19970703      1.39636979e-01
       5174.25000000      2.89734274e-01
       5174.30029297      3.19154263e-01
       5174.35009766      3.57273221e-01
       5174.40039062      3.95366728e-01
       5174.45019531      4.27563369e-01
       5174.49951172      4.62380975e-01
       5174.54980469      4.85288352e-01
       5174.60009766      5.15228510e-01
       5174.64990234      5.70164979e-01
       5174.70019531      5.91562092e-01
       5174.75000000      6.09536648e-01
       5174.80029297      6.53131366e-01
       5174.85009766      6.65273070e-01
       5174.90039062      6.44169271e-01
       5174.94970703      6.83911741e-01
       5175.00000000      7.53355324e-01
       5175.04980469      7.62078881e-01
       5175.10009766      7.51623631e-01
       5175.14990234      2.88403153e-01
       5175.20019531      2.36047909e-01
       5175.25000000      6.85488880e-01
       5175.30029297      8.33682120e-01
       5175.34960938      8.12830210e-01
       5175.39990234      8.43335867e-01
       5175.44970703      8.49180281e-01
       5175.50000000      8.74984503e-01
       5175.54980469      8.85116696e-01
       5175.60009766      8.95366013e-01
       5175.64990234      9.01571035e-01
       5175.70019531      9.03650165e-01
       5175.75048828      8.93305898e-01
       5175.79980469      9.03650165e-01
       5175.84960938      9.18333173e-01
       5175.89990234      9.22571719e-01
       5175.94970703      9.24699426e-01
       5176.00000000      9.28967237e-01
       5176.05029297      9.20451045e-01
       5176.10009766      9.20451045e-01
       5176.15039062      9.39724386e-01
       5176.20019531      9.41889465e-01
       5176.24951172      9.46236789e-01
       5176.29980469      9.46236789e-01
       5176.35009766      9.22571719e-01
       5176.39990234      9.14114177e-01
       5176.45019531      9.41889465e-01
       5176.50000000      9.52796340e-01
       5176.55029297      9.54993606e-01
       5176.60009766      9.50606227e-01
       5176.65039062      9.28967237e-01
       5176.69970703      8.43335867e-01
       5176.75000000      8.64968359e-01
       5176.79980469      8.62978220e-01
       5176.85009766      9.48418915e-01
       5176.89990234      9.66052175e-01
       5176.95019531      9.66052175e-01
       5177.00000000      9.68277991e-01
       5177.05029297      9.68277991e-01
       5177.09960938      9.61613953e-01
       5177.14990234      8.89201880e-01
       5177.19970703      9.14114177e-01
       5177.25000000      9.61613953e-01
       5177.29980469      9.68277991e-01
       5177.35009766      9.59401369e-01
       5177.39990234      9.39724386e-01
       5177.45019531      9.57193911e-01
       5177.50048828      8.87155890e-01
       5177.54980469      9.26829875e-01
       5177.59960938      9.72747028e-01
       5177.64990234      9.68277991e-01
       5177.69970703      9.61613953e-01
       5177.75000000      9.31107581e-01
       5177.80029297      9.22571719e-01
       5177.85009766      8.87155890e-01
       5177.90039062      8.83080065e-01
       5177.95019531      6.06736302e-01
       5177.99951172      3.41192931e-01
       5178.04980469      6.32412732e-01
       5178.10009766      9.44061697e-01
       5178.14990234      9.41889465e-01
       5178.20019531      8.77000511e-01
       5178.25000000      8.93305898e-01
       5178.30029297      6.99842393e-01
       5178.35009766      8.10961843e-01
       5178.40039062      8.93305898e-01
       5178.44970703      8.74984503e-01
       5178.50000000      8.41395438e-01
       5178.54980469      9.07820940e-01
       5178.60009766      9.37562227e-01
       5178.64990234      5.27230024e-01
       5178.70019531      5.10505199e-01
       5178.75000000      9.14114177e-01
       5178.80029297      9.18333173e-01
       5178.85009766      7.70903587e-01
       5178.89990234      8.95366013e-01
       5178.94970703      9.72747028e-01
       5179.00000000      9.72747028e-01
       5179.04980469      9.50606227e-01
       5179.10009766      9.68277991e-01
       5179.14990234      9.77238834e-01
       5179.20019531      9.74990368e-01
       5179.25000000      9.72747028e-01
       5179.29980469      9.70511019e-01
       5179.34960938      9.59401369e-01
       5179.39990234      8.81050169e-01
       5179.44970703      9.18333173e-01
       5179.50000000      9.50606227e-01
       5179.55029297      9.72747028e-01
       5179.60009766      9.61613953e-01
       5179.65039062      9.77238834e-01
       5179.70019531      9.79490340e-01
       5179.74951172      9.81749177e-01
       5179.79980469      9.79490340e-01
       5179.85009766      9.79490340e-01
       5179.89990234      9.77238834e-01
       5179.95019531      9.61613953e-01
       5180.00000000      9.54993606e-01
